time,x,y,z,phi,theta,psi,x_velocity,y_velocity,z_velocity,phi_velocity,theta_velocity,psi_velocity,rotor_speed1,rotor_speed2,rotor_speed3,rotor_speed4
0.06,6.49911677361e-08,8.39730250759e-08,10.0037124681,9.2768720803e-05,6.28286901438,0.0,1.57661036422e-05,7.8697531364e-06,0.123742785736,0.00447201355336,-0.0187424142977,0.0,445.4108332830509,443.8757468921217,443.9112173681926,444.27793464982835
0.12000000000000001,1.19177414186e-05,3.52319409515e-06,10.0141387566,6.28314508811,6.28162759923,0.0,0.000499681210723,0.000119189477101,0.22378505775,-0.0210018051011,-0.0249016796618,0.0,437.31514305326056,436.80188868802924,437.8801086721763,435.7562320966241
0.18,7.64757864858e-05,5.46290668235e-06,10.0288776683,6.28152181815,6.28036960274,0.0,0.00178022190827,-0.000185697552845,0.267502048547,-0.0433013486094,-0.0140741582418,0.0,417.6160514193511,418.55921892427847,420.3275131872638,418.3905226091506
0.23999999999999996,0.000249428229199,-5.28910841555e-05,10.0494924171,6.27929086126,6.27925967314,0.0,0.00408983931565,-0.0020218865472,0.419611046284,-0.0271276789854,-0.0292722246811,0.0,453.3189543108861,452.0962927661734,453.1026288999031,454.4001406409743
0.3,0.00058592644918,-0.000264122984613,10.0784536047,6.27724620836,6.27755221839,0.0,0.00730985553906,-0.00520698735404,0.545707834784,-0.0539834495864,-0.0268763803341,0.0,445.73453088185715,445.93003101716937,445.8912686602963,443.69158581373125
0.36000000000000004,0.00115389660733,-0.000716116195635,10.1153909463,6.27577436819,6.27617105199,0.0,0.0117825300678,-0.0100816164542,0.685460464252,0.00518867324226,-0.0162477685099,0.0,449.560715298794,450.42091915372106,446.95787539896037,451.75316079862495
0.4200000000000001,0.0019893133933,-0.00145215767725,10.156704742,6.27564994174,6.27501548782,0.0,0.0161578132537,-0.0144388332425,0.691661647006,-0.0234196444777,-0.0260892143571,0.0,406.49106120107786,405.6082961371453,408.33963209969244,405.7799281048858
0.48000000000000015,0.00311226743725,-0.00245993938136,10.1986808987,6.27407411941,6.27316802844,0.0,0.0214247108327,-0.0192866533649,0.707531295856,-0.0326628880952,-0.0424129725268,0.0,410.7640359435535,409.3136087813186,410.083352729896,409.26136272664536
0.5400000000000001,0.00464654675039,-0.00384190906381,10.2471873003,6.2719188496,6.27050791499,0.0,0.030020735724,-0.0270173951314,0.90920407926,-0.0433961047564,-0.0484858430104,0.0,468.764163143418,468.29106133800894,469.1162675575768,468.2816826699757
0.6000000000000002,0.00676505064014,-0.00574486956124,10.3080879989,6.26945200926,6.26719500715,0.0,0.0409557456812,-0.036712438398,1.12062696715,-0.0369023852828,-0.0741594230194,0.0,472.6086243778088,470.62381750847305,471.7716697489358,472.27194292253233
0.6600000000000003,0.00962101638054,-0.00828321660687,10.3813880461,6.26712695439,6.26297432673,0.0,0.0547459977401,-0.048161425946,1.32248303663,-0.0427300126437,-0.0636409141892,0.0,467.58594330559066,468.4010149177191,471.06640987488214,470.61494827601564
0.7200000000000003,0.0133492794559,-0.0115234277521,10.4642734795,6.2642335789,6.25884987014,0.0,0.069939109887,-0.0601252541385,1.44020902748,-0.0624423102965,-0.0816319792637,0.0,444.29556824640736,442.8144792219413,445.8748938941558,444.2601502331411
0.7800000000000004,0.0181322430726,-0.0155874955464,10.5562580736,6.26034028452,6.25386835101,0.0,0.0900528923416,-0.0757759259927,1.62567377847,-0.0702909006099,-0.0859667157834,0.0,465.0405658095653,464.6956371397717,466.1806525663142,465.56411447098645
0.8400000000000004,0.0242548042428,-0.0206944835556,10.6598902941,6.25669423597,6.24848317928,0.0,0.114639471615,-0.0949046865606,1.82839907012,-0.0464603789857,-0.0986623186219,0.0,472.7159067318221,471.7303653837286,469.0081614096432,470.85262073420375
0.9000000000000005,0.0317972290251,-0.0268895648756,10.7704724049,6.25350155012,6.24234500096,0.0,0.137323522025,-0.111864903981,1.8575937021,-0.0722485107884,-0.110806613076,0.0,418.93523153727034,417.8680955147355,417.5632372427528,415.305286894427
0.9600000000000005,0.0411088043421,-0.0343780834152,10.8897298481,6.24886299776,6.23556324962,0.0,0.173886315312,-0.138297903275,2.11715158894,-0.090070289709,-0.117887919122,0.0,488.6635294450548,488.12527603331574,489.2009981546955,487.8679486134454
1.0200000000000005,0.0524144088966,-0.0433054219906,11.0169101704,6.24353355514,6.22852514169,0.0,0.20358683267,-0.159750485812,2.12212926088,-0.0864429054871,-0.116155670908,0.0,410.855899201607,410.9958767085354,410.10786065500196,410.42261787067446
1.0800000000000005,0.0658348434951,-0.0537649041846,11.1480925816,6.23803158255,6.22184983206,0.0,0.244469435322,-0.18945155132,2.25030066156,-0.105106424224,-0.102921612055,0.0,450.2296620738733,451.2881866429054,451.3299058359452,449.813966442809
1.1400000000000006,0.0821337106545,-0.0663396825676,11.291498488,6.23166700043,6.21563610978,0.0,0.299584732695,-0.230492091561,2.529218808,-0.108088693034,-0.1048735702,0.0,495.9261439193384,495.7746349060601,495.9066932700124,495.67900919549083
1.2000000000000006,0.101539014272,-0.081264976273,11.4463554814,6.22538714567,6.2090293303,0.0,0.347899079719,-0.267655842753,2.6323522689,-0.0985749584739,-0.123459281521,0.0,445.53546224143423,444.0023677250015,444.8050439782605,445.57387267968625
1.2600000000000007,0.12386244136,-0.0984537496705,11.6057909429,6.21984333074,6.2025810336,0.0,0.396848786298,-0.305832861953,2.68194799456,-0.0822655263705,-0.086748824091,0.0,427.1379061450006,430.2456773439328,427.70909401042167,429.0881693263247
1.3200000000000007,0.149420098719,-0.118179728104,11.7704216516,6.21459455988,6.19886074465,0.0,0.455492229356,-0.352212177723,2.80535284959,-0.100744554305,-0.0349201013,0.0,450.2312018591996,454.401338916846,453.3740327159892,451.8805068960628
1.3800000000000008,0.178767453219,-0.140970248962,11.9448144075,6.20868001445,6.19635248884,0.0,0.522966229378,-0.40813354609,3.00712846049,-0.0945601161728,-0.061419031985,0.0,477.6040155028086,475.5776821349858,477.0279088674367,477.49229407930534
1.4400000000000008,0.212030970786,-0.167084402799,12.1290455332,6.20280096512,6.19230071049,0.0,0.586186964524,-0.462919789264,3.13345519429,-0.105897443974,-0.0839874883729,0.0,456.98228247212825,455.1762289150695,455.35464063828164,454.43870320151683
1.5000000000000009,0.24911330132,-0.196555728896,12.3201216151,6.19640420819,6.18693156175,0.0,0.650386948498,-0.520081515714,3.23532180414,-0.108081460239,-0.103716772021,0.0,449.2247905016485,447.61524908988815,449.4203665899603,449.2334716162076
1.560000000000001,0.290022200683,-0.22946277914,12.5158532568,6.18999875915,6.18060621807,0.0,0.713817530203,-0.57741332554,3.28875592297,-0.104235031687,-0.109069360871,0.0,434.96618847891955,434.50766871969125,433.8674018076237,434.17993054882555
1.620000000000001,0.334659821649,-0.265751536584,12.7128609721,6.18339753583,6.17365920286,0.0,0.77467125702,-0.632755692552,3.27804002973,-0.125263351405,-0.134647802812,0.0,415.2288578920068,412.9651147782204,414.3646440393451,412.49976206982814
1.680000000000001,0.383011348774,-0.305422602853,12.9086478654,6.17589287621,6.16573901928,0.0,0.837708929273,-0.690234843104,3.24808407916,-0.124709216838,-0.127183325618,0.0,406.9056516061832,407.55557671431086,407.7365852869991,407.7703251622958
1.740000000000001,0.435749024073,-0.349096384402,13.1065497627,6.16910181206,6.15831307599,0.0,0.920933660597,-0.766234873146,3.34811124584,-0.0966931053625,-0.117688228679,0.0,451.44014740224225,452.19200502277755,448.21353204897457,450.4729875768433
1.8000000000000012,0.493284954324,-0.397150703098,13.3077124182,6.16366305221,6.15148855314,0.0,0.997526322228,-0.836058717871,3.35707714548,-0.0806929066834,-0.106837540828,0.0,422.6749577523296,423.5967951636131,420.525841688924,421.9020839401435
1.8600000000000012,0.555157955395,-0.449150015509,13.5065845333,6.15851196965,6.14546276368,0.0,1.06538573887,-0.89764735086,3.27207286874,-0.0989322019013,-0.0899891462369,0.0,389.91174020835706,391.47230876244186,389.9130513441783,388.1977705001611
1.9200000000000013,0.622092264661,-0.505737639499,13.7067534592,6.15226849243,6.13964926516,0.0,1.16626908649,-0.989189611569,3.39958409488,-0.117028185099,-0.116570985516,0.0,461.9594143214374,459.8504216704724,461.25494189152755,459.8143327138957
1.9800000000000013,0.694292160782,-0.567126201539,13.9083050426,6.14626223532,6.1325584737,0.0,1.24093672574,-1.05760005793,3.31881921484,-0.0785903515087,-0.121605574535,0.0,393.7410777682782,393.26043532680103,390.17738772094486,393.7387148483001
2.0400000000000014,0.771437062654,-0.633027754678,14.1073021139,6.1413394176,6.12539448678,0.0,1.33115994176,-1.13952494226,3.31417496511,-0.090049521029,-0.11532138246,0.0,418.84761355856364,419.38002009565577,420.2363348103308,419.2358240909636
2.1000000000000014,0.854756912047,-0.7045015584,14.3099388779,6.13541194644,6.11882140428,0.0,1.44678246034,-1.24344804338,3.43966855143,-0.128706039933,-0.0999813973294,0.0,461.63583126675707,462.83452027882197,463.61211109052607,460.55574667909997
2.1600000000000015,0.944658170649,-0.781911474214,14.5171606678,6.12759521625,6.11323732356,0.0,1.55039617282,-1.33756294281,3.46730740931,-0.133622333381,-0.0819574186677,0.0,431.4744201447114,432.9857365447494,432.8193950300706,432.389311617869
2.2200000000000015,1.04127414662,-0.86547897818,14.728302796,6.11995900633,6.1081905664,0.0,1.67053772001,-1.44874832202,3.57005616605,-0.116906106908,-0.088811509167,0.0,458.12418950994487,457.57325596909345,456.6092571832297,457.9264861057471
2.2800000000000016,1.14579591934,-0.956422729242,14.9488705244,6.1125847172,6.10262235253,0.0,1.81397759628,-1.58341040125,3.78103145422,-0.138929280229,-0.102296457665,0.0,491.33547256157044,490.3281689090645,493.6580797337452,492.01781972064424
2.3400000000000016,1.25774874891,-1.05441052079,15.1750269266,6.1041405236,6.09663274726,0.0,1.91824723229,-1.68354411123,3.75720168133,-0.144616205529,-0.095299114567,0.0,419.60663288777397,420.2044586386017,420.56436261122366,420.0517459200686
2.4000000000000017,1.37650946362,-1.15898490596,15.4020760007,6.09517467007,6.09072350411,0.0,2.04088937127,-1.80304113864,3.81043646898,-0.161391378653,-0.105772530071,0.0,446.45675363644506,445.5929530138332,447.8082030282743,446.42029299341993
2.4600000000000017,1.50303959851,-1.27119632688,15.6337724987,6.0860351357,6.08380875029,0.0,2.17728952217,-1.93818362796,3.91183771105,-0.138558062443,-0.151872218945,0.0,465.4542016998812,461.8191784096371,462.320718074895,464.09518663316345
2.520000000000002,1.63725723941,-1.39107606859,15.8683767803,6.07758794453,6.07444868586,0.0,2.2973586895,-2.05848848957,3.90774261172,-0.145657987438,-0.165882271971,0.0,432.6078361324205,431.40237083649987,430.71650639657406,430.0963545805124
2.580000000000002,1.77990238838,-1.51934477282,16.1075250124,6.06921207309,6.06416164302,0.0,2.45837165562,-2.2178697115,4.0624856506,-0.129630571737,-0.185911422216,0.0,484.8622002991962,483.32895974158595,481.89828274387014,483.0918009382983
2.640000000000002,1.93216170143,-1.65709292919,16.35465494,6.06116548396,6.05303801506,0.0,2.61789354307,-2.37436560633,4.17390955678,-0.145034243205,-0.184379695355,0.0,472.83398236789446,472.920912084628,473.5249556473968,472.32278097116637
2.700000000000002,2.0939197513,-1.80411643703,16.6071244252,6.05194093548,6.04168365322,0.0,2.77494714825,-2.52711365464,4.24059376977,-0.183376412676,-0.201336817882,0.0,462.98637687900896,461.61643457885333,462.28295011198713,459.2284926986643
2.760000000000002,2.26597039514,-1.9610924242,16.8660183955,6.04076477619,6.02973856035,0.0,2.96108591476,-2.70632924334,4.3874446929,-0.192782638947,-0.194930213195,0.0,488.8754623504682,489.3178047867519,489.5335554538482,488.8027239042071
2.820000000000002,2.44741214956,-2.1271763279,17.1260263978,6.02912880879,6.01795869451,0.0,3.08779236044,-2.83063393455,4.27907097045,-0.196334322058,-0.199286149554,0.0,407.8327632842965,407.4019119348383,408.83270622149104,408.47573303636693
2.880000000000002,2.63849966099,-2.30262393495,17.3860714098,6.01709677626,6.00552278469,0.0,3.28272595356,-3.01853546812,4.38733406022,-0.210616733724,-0.23222624953,0.0,482.8762281550855,480.34452845163304,483.5969816705476,482.48366545940456
2.940000000000002,2.84100743418,-2.48909233658,17.6506467831,6.00500805963,5.99117562479,0.0,3.46859776775,-3.19795821041,4.43027237324,-0.187631376233,-0.258717374171,0.0,466.59312477943695,464.46464692824105,464.3931262034786,466.15456884767815
3.000000000000002,3.0539519478,-2.68563747231,17.9145048117,5.99391271612,5.97606726083,0.0,3.63062584093,-3.35428620991,4.36400605197,-0.17999794329,-0.240711272009,0.0,431.6094166072492,433.0607787985289,431.15577657815885,431.7660240438881
3.0600000000000023,3.27835767542,-2.8930820303,18.1787661311,5.98274657041,5.96161387429,0.0,3.85060727471,-3.56121454278,4.44271829183,-0.202511676923,-0.241248452849,0.0,482.75725514759637,482.66377887464523,484.05636606792984,482.32770111300454
3.1200000000000023,3.51532899335,-3.11234032542,18.4449548698,5.97116402856,5.94717754678,0.0,4.04939667308,-3.74812987092,4.42871178683,-0.178810788135,-0.239352035239,0.0,456.09895497951123,456.1942226926065,456.59556781787745,458.44716216643576
3.1800000000000024,3.76355386514,-3.34219475856,18.7076595244,5.96025623938,5.93273650909,0.0,4.22567051424,-3.91435213519,4.32712062442,-0.188548044698,-0.243484452496,0.0,429.8362812832925,429.42573550487026,429.7872285350753,428.92755448489737
3.2400000000000024,4.02372403758,-3.58318736726,18.9671161883,5.94912133015,5.91864743113,0.0,4.44753220749,-4.11935539291,4.31967364687,-0.180234050705,-0.221530803493,0.0,464.57637465368026,466.242135713362,464.7159578248553,465.33554590740687
3.3000000000000025,4.29576723536,-3.83522773603,19.2218371107,5.93852135321,5.90502199668,0.0,4.62134978765,-4.2826528035,4.17022831872,-0.170354018568,-0.241510874573,0.0,418.9858872484284,417.18921845969027,417.78909493089157,418.6175751956262
3.3600000000000025,4.58026782287,-4.09878022042,19.471812491,5.92790394683,5.89082944501,0.0,4.8627716081,-4.50291348357,4.16034867605,-0.195339718599,-0.228118495312,0.0,470.43643455982067,471.4199906802915,471.6205652913915,469.65734168506015
3.4200000000000026,4.87836615545,-4.37478502481,19.7184748418,5.91587785205,5.87679288412,0.0,5.07454096923,-4.69788114659,4.06030599065,-0.213290029547,-0.249302358512,0.0,443.8280942731422,442.0300729271073,444.6369814209342,443.12370005482717
3.4800000000000026,5.18818072861,-4.66167147249,19.9563963764,5.90401290792,5.86254986874,0.0,5.25336959089,-4.86569943098,3.86953390989,-0.177426371604,-0.220499052789,0.0,410.7623692582354,413.2473580851899,411.12349565448136,414.24682946760623
3.5400000000000027,5.51165618444,-4.96106472368,20.1884455449,5.89390260459,5.8496292102,0.0,5.52960186698,-5.11444137796,3.86315868558,-0.154908981561,-0.206650005508,0.0,481.86086494660543,482.8649317525159,482.7600160895816,484.43140228122576
3.6000000000000028,5.85096139247,-5.27477188101,20.4180142206,5.8850359516,5.83755229164,0.0,5.78096977617,-5.34282009595,3.78736501999,-0.13638834223,-0.192282473903,0.0,463.0649162864412,464.1560030551876,463.0544401917629,464.4897558523431
3.660000000000003,6.20651105054,-5.60313240873,20.644772994,5.8770570033,5.82634956941,0.0,6.07085701669,-5.60269720168,3.76900985073,-0.126924045171,-0.177426018393,0.0,488.9388738039917,490.0142230831921,486.8426749377565,487.53586481828864
3.720000000000003,6.57832219941,-5.94618905614,20.8678293601,5.86949879728,5.81630816903,0.0,6.32302036819,-5.83282817382,3.6646055316,-0.124129218868,-0.152442843477,0.0,462.2862913987912,464.2252105537341,462.09517354567134,462.30172490197475
3.780000000000003,6.96453916734,-6.30252043032,21.0829493921,5.86165419768,5.80709985769,0.0,6.55103617973,-6.04531930586,3.50487821255,-0.149184939703,-0.155610819917,0.0,446.2855257175221,446.0046448578571,446.3056998957411,444.2391077371192
3.840000000000003,7.36339060381,-6.67084111776,21.2863447629,5.85324923686,5.79839466535,0.0,6.74427569259,-6.23266914874,3.27424112985,-0.126271356273,-0.129667783445,0.0,419.7182630747846,421.9430853499782,419.22667127749156,421.1937611077612
3.900000000000003,7.77706138986,-7.05304479451,21.4812241466,5.84578768501,5.7905323368,0.0,7.04440537037,-6.50763390288,3.21957669832,-0.120789036891,-0.133929150351,0.0,490.19542023343644,489.86453810972455,490.15099226285366,490.54590778847177
3.960000000000003,8.2075863973,-7.45092784483,21.6705668743,5.83844253075,5.78195342079,0.0,7.30626270471,-6.75545743828,3.0901854085,-0.125893369568,-0.175353815176,0.0,469.98962801989325,466.7474208073517,467.7678933683095,467.3573264121587
4.020000000000002,8.65217065339,-7.86246449207,21.8491252915,5.8312172853,5.77149827191,0.0,7.51343926424,-6.9629583925,2.86072422547,-0.111267742481,-0.172139071516,0.0,432.7043001197896,432.9448495491522,432.48855262646805,433.70549897935996
4.080000000000001,9.11066910357,-8.28767563694,22.0160030046,5.82472331584,5.76157552062,0.0,7.76978821518,-7.21103622472,2.70017536298,-0.102769725903,-0.15447571315,0.0,462.26593957491195,463.6310460985797,463.68518633484865,464.34273813865144
4.14,9.58355352477,-8.72708113194,22.1713928905,5.81841206929,5.75194956194,0.0,7.99306737874,-7.43629790877,2.47829628309,-0.110518918749,-0.176293778223,0.0,444.5812496547946,442.7642477401689,443.36330450165065,442.7161758941514
4.199999999999998,10.0708725931,-9.18088146197,22.3147728491,5.81136481947,5.74112918296,0.0,8.25080411738,-7.69068569769,2.29922581594,-0.13727157588,-0.189978042691,0.0,464.5902848288442,463.48555521929205,465.28221631115724,463.1699890271861
4.259999999999997,10.5726563085,-9.64927251443,22.4455891987,5.80285664482,5.72931789469,0.0,8.47538292444,-7.92285542171,2.05978949748,-0.152884746586,-0.216393572985,0.0,445.60230427622355,443.39795627010614,445.5507731549214,444.2529998653263
4.319999999999996,11.0892423244,-10.1326730114,22.5635861428,5.79440226088,5.71595297494,0.0,8.74403913134,-8.19074912792,1.87112981614,-0.123949543681,-0.240119852402,0.0,470.5647421065572,468.67668241440754,469.40689222320214,471.6299132638828
4.379999999999995,11.6180567783,-10.6293474253,22.6644617889,5.78733682723,5.70152522996,0.0,8.88368571288,-8.36596668708,1.49086661148,-0.107608446893,-0.241155052351,0.0,392.98851449803783,392.82641240877876,390.9641844623579,392.4698430436005
4.439999999999993,12.1581972436,-11.1387630252,22.746181017,5.78139754757,5.6889810889,0.0,9.12101130915,-8.61497851169,1.23136192171,-0.0857429399234,-0.178104139387,0.0,446.7500736624269,451.8165190554262,448.4953504062417,450.2599248027772
4.499999999999992,12.7132093879,-11.6636717116,22.8128254244,5.77628758948,5.67796539561,0.0,9.37913919561,-8.88239146843,0.988293193557,-0.0840370310482,-0.197783258991,0.0,461.0894468204376,459.49963514393903,461.7974643873088,461.92640845363985
4.559999999999991,13.28437704,-12.2052115429,22.8654119877,5.77132857236,5.66696973312,0.0,9.65938056222,-9.16923720131,0.762411466156,-0.0800134218887,-0.163848471279,0.0,471.5292859671586,474.11318693468996,474.32047460485035,474.6244216938391
4.6199999999999894,13.8722226774,-12.7640006513,22.9039588669,5.7673402038,5.65702297805,0.0,9.93498241388,-9.45748473561,0.520466446186,-0.0479629667051,-0.169944916297,0.0,472.47462100862856,471.97964775341177,472.2809379560347,474.7441779771289
4.679999999999988,14.4746679246,-13.3389206664,22.9253838413,5.76461854423,5.64686891676,0.0,10.1464737699,-9.70735541632,0.192499587489,-0.0406092232155,-0.167851720829,0.0,440.57359353697075,440.71900629228736,440.729331223218,441.3357716944437
4.739999999999987,15.0873151073,-13.9273526516,22.9239890546,5.76204640186,5.6368102504,0.0,10.2755775861,-9.90846396444,-0.239245031604,-0.0478206129606,-0.167233640845,0.0,393.87888296911274,393.9052372808931,395.10258453457755,394.43551880785606
4.799999999999986,15.7099446318,-14.5295519924,22.899082469,5.7590737981,5.62692107721,0.0,10.4786690654,-10.1658831131,-0.5921863457,-0.0532316968215,-0.160388177358,0.0,433.6630140922746,434.21124466416165,435.0571858091724,434.60207091215966
4.859999999999984,16.3454313992,-15.1478599864,22.8535228476,5.75608646635,5.61774467352,0.0,10.7039355727,-10.4453832057,-0.927975465739,-0.0436676930018,-0.141145818635,0.0,446.0822532563794,447.62931625279145,445.47241080572144,446.25258358423457
4.919999999999983,16.9955845488,-15.7839254078,22.7888462154,5.75381870422,5.60928239163,0.0,10.9672149631,-10.7576933008,-1.22979649396,-0.0280800624804,-0.140823572347,0.0,466.79666162422853,466.80436373064936,465.44491732388,466.66312919968243
4.979999999999982,17.6613692713,-16.4388937366,22.7056392688,5.75225476411,5.60124696371,0.0,11.2249990987,-11.0756140347,-1.54557999149,-0.0223144247525,-0.12283429572,0.0,464.90216162768303,466.2943381956234,465.7417579474443,466.19258642295625
5.0399999999999805,18.3396931791,-17.1114150159,22.6001574141,5.75148488796,5.59360321563,0.0,11.3858895434,-11.3435190677,-1.97121891242,0.00143439142722,-0.138571646645,0.0,419.81052408893584,418.42592513741477,417.59720886841063,419.6648447914251
