time,x,y,z,phi,theta,psi,x_velocity,y_velocity,z_velocity,phi_velocity,theta_velocity,psi_velocity,rotor_speed1,rotor_speed2,rotor_speed3,rotor_speed4
0.06,9.32103389437e-08,0.0176942943604,0.041785699104,0.447444046486,6.28314401772,0.0,9.67910464126e-06,0.962203696235,1.21868418273,-10.8173423095,-0.00210151547348,0.0,899.724958735,899.63990224,899.969674428,-0.602220557398
0.12000000000000001,5.20485709632e-06,0.0757197512736,0.135492755629,5.40024079589,6.28281321712,0.0,0.000231197877174,0.946787900364,1.01842851861,-19.2783304209,-0.0134002266532,0.0,900.02905071,899.571714263,899.995814887,0.390840664103
0.18,5.3531217238e-05,0.127475634494,0.215211229829,2.24993804175,6.28172743379,0.0,0.0016788616605,1.62814768682,1.21822101354,-24.34689834,-0.0297075264108,0.0,900.020321448,899.360314427,899.639015013,-0.0381698087249
0.23999999999999996,0.000271770954653,0.275579308063,0.228817264064,1.83760437738,6.27975452801,0.0,0.00619257185561,3.33129237938,-0.7279486771,-26.8711678308,-0.0401355009613,0.0,899.919621032,899.497655635,899.715779909,-0.326938802197
0.3,0.000893649861691,0.537117753887,0.165626089488,0.422659358085,6.2774130477,0.0,0.0153013901069,5.30950627612,-0.96478320965,-28.0023303322,-0.0368910594267,0.0,899.761514968,899.892932499,899.706043871,-0.7302675737
0.36000000000000004,0.0022162376168,0.862595953147,0.150800522314,5.05393759302,6.27524033549,0.0,0.0294482152576,5.04661405829,0.396925564185,-28.4764935379,-0.0348804907405,0.0,899.84701366,899.927962479,899.290201586,-0.242049828458
0.4200000000000001,0.00451682915168,1.10607306206,0.15882818124,3.34796610808,6.27313809583,0.0,0.0479869662843,3.17830299568,-0.631505060064,-28.6837758226,-0.0353527615501,0.0,899.855884324,899.836105344,899.797961766,-0.440712849118
0.48000000000000015,0.00807847232049,1.30313605951,0.0430350477987,1.62622392274,6.27089283341,0.0,0.0713164491746,3.87159647772,-3.03155789972,-28.7746757745,-0.0419232479747,0.0,899.900280095,899.634144192,900.078380529,-0.142838785576
0.5400000000000001,0.0131842867581,1.59300114457,0.0,6.18215277631,6.26827481852,0.0,0.099837459639,5.52789511414,-2.6290094408,-28.8285244064,-0.047284555357,0.0,899.599375364,899.381914584,900.948920316,-0.136800679891
